0 1 12 11 44 45 56 55
1 2 13 12 45 46 57 56
2 3 14 13 46 47 58 57
3 4 15 14 47 48 59 58
4 5 16 15 48 49 60 59
5 6 17 16 49 50 61 60
6 7 18 17 50 51 62 61
7 8 19 18 51 52 63 62
8 9 20 19 52 53 64 63
9 10 21 20 53 54 65 64
11 12 23 22 55 56 67 66
12 13 24 23 56 57 68 67
13 14 25 24 57 58 69 68
14 15 26 25 58 59 70 69
15 16 27 26 59 60 71 70
16 17 28 27 60 61 72 71
17 18 29 28 61 62 73 72
18 19 30 29 62 63 74 73
19 20 31 30 63 64 75 74
20 21 32 31 64 65 76 75
22 23 34 33 66 67 78 77
23 24 35 34 67 68 79 78
24 25 36 35 68 69 80 79
25 26 37 36 69 70 81 80
26 27 38 37 70 71 82 81
27 28 39 38 71 72 83 82
28 29 40 39 72 73 84 83
29 30 41 40 73 74 85 84
30 31 42 41 74 75 86 85
31 32 43 42 75 76 87 86
44 45 56 55 88 89 100 99
45 46 57 56 89 90 101 100
46 47 58 57 90 91 102 101
47 48 59 58 91 92 103 102
48 49 60 59 92 93 104 103
49 50 61 60 93 94 105 104
50 51 62 61 94 95 106 105
51 52 63 62 95 96 107 106
52 53 64 63 96 97 108 107
53 54 65 64 97 98 109 108
55 56 67 66 99 100 111 110
56 57 68 67 100 101 112 111
57 58 69 68 101 102 113 112
58 59 70 69 102 103 114 113
59 60 71 70 103 104 115 114
60 61 72 71 104 105 116 115
61 62 73 72 105 106 117 116
62 63 74 73 106 107 118 117
63 64 75 74 107 108 119 118
64 65 76 75 108 109 120 119
66 67 78 77 110 111 122 121
67 68 79 78 111 112 123 122
68 69 80 79 112 113 124 123
69 70 81 80 113 114 125 124
70 71 82 81 114 115 126 125
71 72 83 82 115 116 127 126
72 73 84 83 116 117 128 127
73 74 85 84 117 118 129 128
74 75 86 85 118 119 130 129
75 76 87 86 119 120 131 130
88 89 100 99 132 133 144 143
89 90 101 100 133 134 145 144
90 91 102 101 134 135 146 145
91 92 103 102 135 136 147 146
92 93 104 103 136 137 148 147
93 94 105 104 137 138 149 148
94 95 106 105 138 139 150 149
95 96 107 106 139 140 151 150
96 97 108 107 140 141 152 151
97 98 109 108 141 142 153 152
99 100 111 110 143 144 155 154
100 101 112 111 144 145 156 155
101 102 113 112 145 146 157 156
102 103 114 113 146 147 158 157
103 104 115 114 147 148 159 158
104 105 116 115 148 149 160 159
105 106 117 116 149 150 161 160
106 107 118 117 150 151 162 161
107 108 119 118 151 152 163 162
108 109 120 119 152 153 164 163
110 111 122 121 154 155 166 165
111 112 123 122 155 156 167 166
112 113 124 123 156 157 168 167
113 114 125 124 157 158 169 168
114 115 126 125 158 159 170 169
115 116 127 126 159 160 171 170
116 117 128 127 160 161 172 171
117 118 129 128 161 162 173 172
118 119 130 129 162 163 174 173
119 120 131 130 163 164 175 174
